# R script for Peak Model
#  -- generated by MACS
p <- c(0.0242523627067,0.0284508514944,0.0325633644024,0.0368478290696,0.0409890006042,0.0416911369543,0.0419347352799,0.0417627835207,0.0417986068039,0.0416409843579,0.0416409843579,0.0415693377916,0.0418917473401,0.0414403739721,0.0413687274058,0.0416911369543,0.0417197955809,0.0418201007738,0.0416768076411,0.0417699481773,0.0418057714605,0.0420565344427,0.0420636990993,0.0424004379611,0.0425365664372,0.0423502853647,0.0422141568886,0.0422929681116,0.0423861086479,0.0423144620815,0.0422213215453,0.0420493697861,0.0417842774906,0.0416553136712,0.0416051610747,0.0415908317615,0.0415693377916,0.0417699481773,0.0418129361171,0.0418774180268,0.0423144620815,0.0424290965877,0.0423359560514,0.0426082130035,0.0426297069734,0.0426153776602,0.0428016587326,0.042579554377,0.0423144620815,0.042364614678,0.042500743154,0.0425938836903,0.0427300121663,0.0429592811786,0.0428159880459,0.0430165984317,0.043009433775,0.0432960200404,0.0433175140103,0.0436972408119,0.0434894657695,0.0433318433236,0.0434751364563,0.0431455622511,0.0433318433236,0.0433676666067,0.0434679717996,0.0438405339446,0.0443062366258,0.0438691925711,0.0440339796737,0.0440196503605,0.0441701081498,0.0443778831922,0.0445999875478,0.044342059909,0.0442990719692,0.0438978511977,0.0434823011129,0.0435037950828,0.0434751364563,0.04412712021,0.0438763572278,0.0439838270773,0.0437115701252,0.0439336744808,0.043969497764,0.0438476986012,0.0443635538789,0.0446214815177,0.0443205659391,0.0442274254028,0.0444925176983,0.0448579151867,0.045438252374,0.0454740756572,0.0457105093261,0.0460400835313,0.0459827662782,0.0464627982727,0.0470861233999,0.0468568543876,0.0470861233999,0.0469499949238,0.0466490793452,0.0466777379717,0.0467565491947,0.0471004527132,0.0470861233999,0.046985818207,0.046692067285,0.0466992319416,0.0465487741523,0.0465344448391,0.0465774327789,0.0468855130141,0.0471004527132,0.0468998423274,0.0470861233999,0.046985818207,0.0468711837009,0.0470073121769,0.0473010630989,0.0474228622617,0.0474443562316,0.0475374967678,0.047437191575,0.0474658502015,0.0473942036352,0.047494508828,0.0481106692986,0.0482539624313,0.0482253038047,0.0480676813588,0.0480963399853,0.0481321632685,0.0486766771727,0.0489775927513,0.0490993919141,0.0492856729866,0.0490778979442,0.0493859781795,0.0494361307759,0.0494862833723,0.0498230222342,0.05000213865,0.050080949873,0.0499806446801,0.0500594559031,0.0498373515474,0.0502099136924,0.0496367411617,0.0498373515474,0.0498158575775,0.049787198951,0.0494791187157,0.0490134160345,0.049199697107,0.0492068617636,0.0491137212274,0.0493143316131,0.0498731748306,0.0497800342943,0.0500952791862,0.0504033594215,0.0511341543982,0.0514637286034,0.0518004674652,0.051922266628,0.0523019934296,0.0515783631095,0.0520655597607,0.0518147967785,0.0521658649535,0.0519867485377,0.0514923872299,0.0518721140315,0.0516213510493,0.0517216562422,0.0520655597607,0.0518362907484,0.0513849173804,0.0516070217361,0.0512487889044,0.0514279053202,0.0517789734953,0.0515067165432,0.0515998570794,0.051549704483,0.0514207406636,0.0521228770137,0.0521730296102,0.0523879693092,0.0528536719904,0.0533193746716,0.0532477281053,0.0530614470328,0.0531689168823,0.053391021238,0.0532190694788,0.0533695272681,0.0536346195635,0.0538065713228,0.0535128204008,0.0533193746716,0.0531044349726,0.0533265393283,0.0532763867318,0.0535558083406,0.053469832461,0.0533480332982,0.0532119048221,0.053176081539,0.0537779126962,0.053763583383,0.0539641937687,0.0542507800341,0.054193462781,0.0543295912571,0.0548741051613,0.0553326431858,0.0559273096865,0.0559774622829,0.0555404182282,0.0555475828849,0.0555189242583,0.0554401130354,0.0559201450298,0.0557696872405,0.0558556631201,0.0561852373253,0.0560061209095,0.0563142011447,0.0567082572596,0.0568300564224,0.0573817349832,0.0577256385017,0.0573530763567,0.0572456065072,0.0572814297903,0.0570091728382,0.0568443857357,0.0570163374949,0.0570091728382,0.0573602410133,0.0575680160557,0.0573960642965,0.0577757910981,0.057876096291,0.0578474376644,0.0578904256042,0.0581196946165,0.0584349395084,0.0589078068463,0.0588576542499,0.0586212205809,0.0588075016534,0.0589651240994,0.0595168026602,0.0596242725097,0.0595812845699,0.0596027785398,0.0596959190761,0.0592087224249,0.0593878388408,0.0597389070159,0.0602834209201,0.0603407381731,0.0607562882579,0.060892416734,0.0612219909391,0.061479918578,0.0614727539213,0.0620745850786,0.0622107135547,0.0622966894343,0.0620172678255,0.0624471472236,0.0621892195848,0.0627265688323,0.0629988257844,0.0629343438747,0.0628626973084,0.0631492835737,0.0632639180799,0.063378552586,0.0633713879294,0.0637726087009,0.0641953234423,0.0642669700087,0.0645463916174,0.0653703271303,0.0657142306488,0.0662085919565,0.0666098127281,0.0670970093792,0.0674552422109,0.0674050896145,0.067512559464,0.0678994509222,0.0684869527662,0.0689168321643,0.0699700366895,0.0704070807442,0.0714602852694,0.0723988552885,0.0736741641694,0.0746198988451,0.0757089266535,0.0769985648476,0.0771203640104,0.078166403879,0.0781807331923,0.0785246367107,0.0783956728913,0.0785604599939,0.0787324117531,0.0789401867955,0.0792697610007,0.0791694558078,0.0798071102482,0.079635158489,0.0801940017065,0.0804949172851,0.0807528449239,0.0810322665327,0.0815481218103,0.0818562020456,0.0823004107569,0.082142788311,0.0825296797692,0.0828520893178,0.0832461454326,0.083238980776,0.0840127636925,0.0842277033915,0.0840055990359,0.0845644422533,0.0843709965242,0.0850731328744,0.0850301449346,0.0853238958566,0.0852450846336,0.0857322812847,0.0862624658756,0.0865132288578,0.0869789315391,0.0872368591779,0.0876595739193,0.0882542404199,0.0888704008905,0.0886626258481,0.0892644570054,0.0892214690656,0.0892286337222,0.0895797018973,0.0897946415963,0.090231685651,0.0901170511448,0.0898447941927,0.0900883925183,0.0906830590189,0.0904609546633,0.0911630910134,0.0910699504772,0.0910914444471,0.0910556211639,0.0905469305429,0.0910627858205,0.0911845849833,0.0912347375798,0.0915069945319,0.0919368739299,0.0922664481351,0.0925387050872,0.0933912992267,0.0939859657273,0.0947669133004,0.0950964875056,0.0953544151444,0.0951967926985,0.0955406962169,0.0961138687476,0.096185515314,0.0963001498201,0.0962714911936,0.0960207282114,0.0960063988981,0.0961425273742,0.0962499972237,0.0971384146463,0.0971670732729,0.096694205935,0.0965222541758,0.0966727119651,0.0966010653988,0.0971025913632,0.0973963422852,0.097496647478,0.0983349123042,0.0986716511661,0.0991660124738,0.0998466548541,0.100584614487,0.101136293048,0.10151601985,0.1022181562,0.10228263811,0.101867088025,0.102024710471,0.101573337103,0.101480196567,0.102039039784,0.101938734591,0.102719682164,0.10230413208,0.101967393218,0.102368613989,0.10375139272,0.103894685852,0.104926396408,0.105506733595,0.105427922372,0.106359327735,0.10658143209,0.108021528074,0.108952933436,0.109504611997,0.109776868949,0.110521993239,0.110507663926,0.110923214011,0.111654008987,0.111876113343,0.1116683383,0.111704161584,0.112420627247,0.112685719543,0.112449285874,0.112936482525,0.113961028423,0.114792128593,0.115429783033,0.115709204642,0.116540304812,0.117149300626,0.117822778349,0.118818665621,0.119965010683,0.120602665123,0.121648704992,0.121756174841,0.122372335312,0.123339563958,0.123862583892,0.12490862376,0.125274021249,0.126047804165,0.126542165473,0.126721281889,0.126556494786,0.127516558775,0.128390646885,0.12942235744,0.1307836422,0.131442790611,0.132546147732,0.133456059125,0.13459523953,0.135913536351,0.136988234846,0.138019945401,0.138557294649,0.138879704197,0.139667816427,0.140799832175,0.14127986417,0.14189602464,0.14255517305,0.143894963841,0.145263413258,0.145915397012,0.147076071387,0.147971653466,0.148616472563,0.149189645094,0.150106721143,0.151790415452,0.153345145942,0.15366755549,0.154126093515,0.155723811944,0.156483265547,0.15741467091,0.159105529875,0.160882364721,0.162028709782,0.163024597054,0.164414540441,0.166220033913,0.167194427215,0.168326442964,0.169702057037,0.171722490208,0.172947646493,0.174115485524,