# R script for Peak Model
#  -- generated by MACS
p <- c(0.0214117263579,0.0251867133745,0.0289751225671,0.0326427321752,0.0363808082076,0.0366526072728,0.0369613173222,0.0370988946268,0.0370183615704,0.0371156723468,0.037159294419,0.0369411840581,0.0369143397059,0.036931117426,0.036924406338,0.0370452059225,0.036931117426,0.0372767384595,0.0376525593892,0.03783711431,0.0381324021833,0.0384713121288,0.038300179384,0.0383203126481,0.0382196463277,0.038286757208,0.0381995130636,0.0380384469509,0.037840469854,0.0377062480934,0.0377599367977,0.0376794037413,0.0379780471586,0.0380384469509,0.0382397795918,0.0379411361745,0.0381189800072,0.0382196463277,0.0382498462238,0.0383303792802,0.0379612694385,0.0379075807343,0.038055224671,0.0380820690231,0.0380183136868,0.0382230018717,0.0381928019756,0.0381961575196,0.0383438014562,0.0384344011446,0.0386491559616,0.0389075328507,0.0388337108824,0.0388504886024,0.0390417546113,0.0392766426923,0.039437708805,0.0396021304617,0.0396155526378,0.0398034631026,0.0398772850709,0.039900773879,0.0400081512875,0.0403302835129,0.0402598170886,0.0401960617523,0.0402262616485,0.0403034391608,0.0403000836168,0.0403202168809,0.0403739055851,0.0404745719056,0.0403638389531,0.04057859377,0.0407061044426,0.0408738816433,0.0412262137649,0.0411523917965,0.0413939909656,0.0413201689973,0.0415315682702,0.0417865896153,0.0421254995608,0.0420013444323,0.0422496546894,0.0424107208021,0.0421288551048,0.042407365258,0.0425348759306,0.0428872080522,0.0426456088831,0.0426690976912,0.0425650758267,0.0426623866032,0.0428804969641,0.0430147187247,0.043538183591,0.0435012726068,0.0437026052477,0.0434173840065,0.0435012726068,0.0435549613111,0.0436791164396,0.0438435380963,0.0436656942636,0.0438368270083,0.0436724053516,0.0438502491844,0.0438435380963,0.0441556036897,0.0445347801634,0.0445549134275,0.0446891351881,0.0445985354997,0.0447864459645,0.0447797348765,0.0449676453413,0.0448535568448,0.044907245549,0.0452394444065,0.045578354352,0.0458535089612,0.0460145750739,0.0462997963151,0.0462595297869,0.0461420857464,0.0461219524823,0.0464273069877,0.0463534850194,0.0461756411866,0.0459944418098,0.0459508197376,0.0460850414982,0.0461487968345,0.0464038181796,0.0464071737236,0.0466655506127,0.0468031279173,0.047192371023,0.0473098150636,0.0476520805531,0.0475950363048,0.047648725009,0.047631947289,0.0475145032485,0.047860124282,0.0477930134017,0.0477762356816,0.0477057692573,0.047876902002,0.0479037463542,0.048098367907,0.0481856120514,0.0483601003402,0.0489842315269,0.0489607427188,0.0491385865516,0.0493466302805,0.0494405855129,0.0498466063387,0.0500278057155,0.0500177390834,0.0498298286186,0.0499908947313,0.0496385626098,0.0498063398105,0.0498231175306,0.049685540226,0.0501083387718,0.0499372060271,0.049910361675,0.0500915610518,0.0506250925501,0.0506217370061,0.0508868249832,0.0508834694392,0.0511150019762,0.0513029124411,0.0512592903689,0.0513264012492,0.0514740451858,0.0514572674657,0.0511686906805,0.0513935121295,0.0514807562739,0.0518767104676,0.0521753538849,0.0521350873567,0.0520042211401,0.0520713320204,0.0520075766842,0.0523397755416,0.0527457963674,0.0529102180241,0.0526820410311,0.0525343970945,0.0523028645575,0.0526015079748,0.0527625740875,0.0529605511843,0.0531987948094,0.0529941066245,0.0528397515998,0.0526317078709,0.0529873955365,0.0532927500418,0.0533195943939,0.0535142159468,0.0536618598834,0.0536350155313,0.0537423929398,0.0541249249575,0.0544537682709,0.054487323711,0.0546047677516,0.0545309457832,0.0548027448484,0.0548732112727,0.0548396558326,0.0552523877464,0.0553027209066,0.0555074090915,0.0554973424595,0.0558228302289,0.0561248291902,0.0559872518856,0.0559302076374,0.0562154288786,0.0564436058716,0.0563261618311,0.0563395840072,0.0561583846304,0.0566382274245,0.0567053383048,0.0568664044175,0.0573361805795,0.0575240910444,0.0574267802679,0.0577925345655,0.0579401785022,0.0581717110392,0.0584703544565,0.0584233768403,0.058805908858,0.059037441395,0.0592488406679,0.0596045283335,0.0598259942385,0.0598696163107,0.0600776600396,0.0600139047033,0.060396436721,0.0608158797228,0.0611413674922,0.0613963888374,0.0614802774377,0.061537321686,0.0618695205434,0.0621010530804,0.0622587636491,0.062688273283,0.0629869167003,0.0627990062355,0.0627956506915,0.0628929614679,0.0633023378377,0.0635271592867,0.0635003149346,0.0637888917198,0.0641278016653,0.0644398672587,0.0643828230105,0.0648291103644,0.0653257308786,0.0657384627924,0.0658491957449,0.0662115944985,0.0667249927327,0.067251813143,0.0673659016395,0.0674095237117,0.0677316559371,0.0679464107541,0.0680806325147,0.0680000994583,0.0685034310605,0.0690772290871,0.0693423170642,0.0695637829692,0.0698792041066,0.0703489802686,0.0707080234782,0.0709966002635,0.0710368667916,0.0714797986016,0.0716509313463,0.0718187085471,0.0721039297883,0.0722415070929,0.0727481942392,0.0735635914347,0.0740300120528,0.0746440766075,0.0756641619879,0.0762648043666,0.0768453134811,0.0774862223879,0.0778016435253,0.0783318194797,0.0791337944992,0.0796404816454,0.0800632801912,0.0804122567688,0.0806303671297,0.0811940985242,0.0816672302303,0.0817074967585,0.0823215613132,0.0824893385139,0.0823886721934,0.0823584722973,0.0828081151953,0.0830631365404,0.0834490241021,0.0835329127025,0.0834456685581,0.0837711563275,0.084120132905,0.0847677528999,0.0855395280233,0.0861133260498,0.0862408367223,0.0868985233492,0.0873951438634,0.0878917643776,0.0882810074833,0.0885997841647,0.0888581610538,0.0892440486155,0.0894286035363,0.0894722256085,0.0897675134818,0.0898614687142,0.0898245577301,0.0900795790752,0.0905493552373,0.0908312209345,0.0910426202074,0.0909016873588,0.090938598343,0.0912338862163,0.091861372947,0.0920526389558,0.0922204161566,0.0924083266214,0.0927875030951,0.0931364796726,0.0934921673382,0.0940693209087,0.094129720701,0.0945827191429,0.094589430231,0.0951565171695,0.0953343610022,0.0956028045234,0.0957638706361,0.0962739133264,0.096418201719,0.0966027566398,0.0970725328019,0.0968342891768,0.0970523995378,0.0967638227525,0.0971228659621,0.0972738654428,0.0973141319709,0.0972268878265,0.0974483537315,0.0978476634693,0.0981261736225,0.0985959497846,0.0988778154818,0.0994985911245,0.0999885005507,0.100213322,0.100813964378,0.101065630179,0.10159245059,0.101934716079,0.102434692137,0.102740046643,0.103001779076,0.103226600525,0.103384311094,0.103709798863,0.103884287152,0.104253396993,0.103817176271,0.103998375648,0.103911131504,0.104152730673,0.104578884763,0.104931216884,0.105159393877,0.105400993046,0.105867413664,0.106166057082,0.107051920702,0.107427741631,0.107776718209,0.108384071675,0.108585404316,0.108840425661,0.109454490216,0.109645756225,0.109977955082,0.110477931141,0.111182595384,0.111498016521,0.112336902525,0.112940900447,0.113638853603,0.114236140437,0.114793160744,0.115393803122,0.116014578765,0.116880309121,0.11717224145,0.117692350772,0.118356748487,0.118917124338,0.119735877077,0.120517718833,0.121138494475,0.122423667833,0.123108198812,0.123678641295,0.12449403849,0.125987255577,0.126530853707,0.127316051007,0.127735494008,0.128248892243,0.128950200942,0.129503865704,0.13028570746,0.131399748072,0.132094345684,0.132235278532,0.133268786089,0.134037205668,0.134963335816,0.135765310836,0.136758551864,0.137681326468,0.138271902215,0.139073877234,0.140328850696,0.14135229162,0.14186233431,0.142889130779,0.143882371807,0.145284989205,0.146060119873,0.146526540491,0.147566759135,0.148100290634,0.148647244308,0.149734440569,0.150915592062,0.151677300553,0.152714163654,0.153230917432,0.154469113174,0.155334843529,0.156361639998,0.157438769627,0.15863669884,0.159777583805,0.160596336545,0.161723799334,0.162753951346,0.16369350367,0.16456258957,0.166089362097,0.167166491725,0.168293954514,0.169418061759,0.170213325691,0.171696476145,0.172552139869,0.173535314265,0.174924509487,0.176035194556,0.177139168537,0.178316964486,0.179360538675,0.180038358566,0.18092757773,0.181773174821,0.183148947867,0.184585120706,0.185470984326,0.186387047842,0.187336666798,0.188423863059,0.189819769369,